61|https://www.fshare.vn/file/OQFMJL4IXXKP|446
62|https://www.fshare.vn/file/GMJHLBFZFSHO|300
63|https://www.fshare.vn/file/KJNFWZZN37FC|211
*
55663
55887
57761
57443
57066
58268
58426
59266
58388
56702
56376
55969
50487
58133
57900
58557
57548
57732
55207
52339
52053
58901
57846
54100
57616
57130
52435
57507
53337
56670
55951
58149
51557
51973
51749
53565
55269
57950
57182
57506
51055
56156
54043
53949
53283
54913
52772
54266
56210
59380
53691
55477
51080
51548
52114
56173
57079
60178
59208
51462
55557
55068
53080
55550
58428
54191
60890
56342
60965
61089
61062
50001
50842
54938
55880
57886
60466
